#FIG 3.2
Landscape
Center
Inches
Letter  
100.00
Single
-2
1200 2
6 3292 2242 5130 2400
1 3 0 1 0 7 100 0 -1 0.000 1 0.0000 3356 2306 64 64 3356 2306 3401 2351
1 3 0 1 0 7 100 0 -1 0.000 1 0.0000 5066 2336 64 64 5066 2336 5111 2381
2 1 0 1 0 7 100 0 -1 0.000 0 0 -1 0 0 2
	 3446 2336 4991 2336
-6
6 5032 2692 6870 2850
1 3 0 1 0 7 100 0 -1 0.000 1 0.0000 5096 2756 64 64 5096 2756 5141 2801
1 3 0 1 0 7 100 0 -1 0.000 1 0.0000 6806 2786 64 64 6806 2786 6851 2831
2 1 0 1 0 7 100 0 -1 0.000 0 0 -1 0 0 2
	 5186 2786 6731 2786
-6
6 6787 3097 8625 3255
1 3 0 1 0 7 100 0 -1 0.000 1 0.0000 6851 3161 64 64 6851 3161 6896 3206
1 3 0 1 0 7 100 0 -1 0.000 1 0.0000 8561 3191 64 64 8561 3191 8606 3236
2 1 0 1 0 7 100 0 -1 0.000 0 0 -1 0 0 2
	 6941 3191 8486 3191
-6
6 2760 1882 3353 2040
1 3 0 1 0 7 100 0 -1 0.000 1 0.0000 2824 1946 64 64 2824 1946 2869 1991
1 3 0 1 0 7 100 0 -1 0.000 1 0.0000 3289 1976 64 64 3289 1976 3334 2021
2 1 0 1 0 7 100 0 -1 0.000 0 0 -1 0 0 2
	 2914 1976 3214 1976
-6
6 7575 3592 9413 3750
1 3 0 1 0 7 100 0 -1 0.000 1 0.0000 7639 3656 64 64 7639 3656 7684 3701
1 3 0 1 0 7 100 0 -1 0.000 1 0.0000 9349 3686 64 64 9349 3686 9394 3731
2 1 0 1 0 7 100 0 -1 0.000 0 0 -1 0 0 2
	 7729 3686 9274 3686
-6
2 1 1 1 0 7 100 0 -1 4.000 0 0 -1 1 0 2
	1 1 1.00 60.00 120.00
	 2145 4905 10485 4905
2 1 1 1 0 7 100 0 -1 4.000 0 0 -1 0 0 2
	 2610 1065 2610 5310
2 1 2 1 0 7 100 0 -1 3.000 0 0 -1 0 0 2
	 2835 1095 2835 5355
2 1 2 1 0 7 100 0 -1 3.000 0 0 -1 0 0 2
	 3315 1065 3315 5325
2 1 2 1 0 7 100 0 -1 3.000 0 0 -1 0 0 2
	 5100 1065 5100 5325
2 1 2 1 0 7 100 0 -1 3.000 0 0 -1 0 0 2
	 6825 1065 6825 5325
2 1 2 1 0 7 100 0 -1 3.000 0 0 -1 0 0 2
	 7575 1065 7575 5325
2 1 2 1 0 7 100 0 -1 3.000 0 0 -1 0 0 2
	 8550 1065 8550 5325
2 1 2 1 0 7 100 0 -1 3.000 0 0 -1 0 0 2
	 9375 1065 9375 5325
4 0 0 100 0 0 12 0.0000 4 135 390 2820 1680 SME\001
4 0 0 100 0 0 12 0.0000 4 135 240 8250 3570 SD\001
4 0 0 100 0 0 12 0.0000 4 135 225 7530 3015 SC\001
4 0 0 100 0 0 12 0.0000 4 135 420 5745 2640 LLSP\001
4 0 0 100 0 0 12 0.0000 4 135 240 4095 2175 SA\001
